15 0.127604 0.191895 0.213542 0.141602
15 0.337674 0.212891 0.227431 0.132812
15 0.565972 0.231445 0.211806 0.123047
15 0.792535 0.207031 0.258681 0.144531
15 0.117188 0.358887 0.213542 0.127930
15 0.317708 0.375488 0.225694 0.131836
15 0.571181 0.379883 0.229167 0.134766
15 0.784722 0.378906 0.236111 0.132812
15 0.092882 0.554688 0.182292 0.138672
15 0.314236 0.535645 0.222222 0.133789
15 0.559896 0.547852 0.227431 0.125000
15 0.770833 0.562500 0.246528 0.169922
15 0.107639 0.711914 0.211806 0.138672
15 0.299479 0.698730 0.217014 0.127930
15 0.548611 0.705078 0.218750 0.128906
15 0.750868 0.713379 0.217014 0.129883
15 0.110243 0.879883 0.217014 0.175781
15 0.312500 0.864258 0.215278 0.117188
15 0.534722 0.863770 0.236111 0.131836
15 0.737847 0.900391 0.263889 0.134766
