15 0.069444 0.206207 0.128601 0.172414
15 0.210905 0.199310 0.127572 0.161379
15 0.355453 0.205517 0.128601 0.151724
15 0.500000 0.206897 0.125514 0.160000
15 0.637346 0.208966 0.120370 0.158621
15 0.783951 0.205517 0.127572 0.165517
15 0.927469 0.206897 0.126543 0.160000
15 0.072531 0.507586 0.126543 0.168276
15 0.213477 0.501379 0.126543 0.153103
15 0.354938 0.502759 0.125514 0.164138
15 0.496399 0.499310 0.128601 0.162759
15 0.641461 0.495172 0.126543 0.168276
15 0.783436 0.501379 0.124486 0.155862
15 0.924897 0.496552 0.131687 0.151724
15 0.072016 0.797931 0.125514 0.166897
15 0.212449 0.797931 0.126543 0.161379
15 0.356481 0.795172 0.126543 0.161379
15 0.497428 0.797241 0.128601 0.162759
15 0.640947 0.797931 0.127572 0.161379
15 0.784979 0.800690 0.127572 0.164138
15 0.925412 0.800000 0.126543 0.168276
